   0.00000000100000
  -0.23057084501686
  -0.14985961355171
  -0.12650465387808
  -0.12682192942198
  -0.15093410119441
  -0.23279714184298
   0.00000000100000
   0.00000000100000
   0.23565555582394
   0.15382292443426
   0.12894628277305
   0.12438131166718
   0.13650363824129
   0.22273329102469
   0.00000000100000
   0.00000000100000
  -0.23219382020977
  -0.15077778136012
  -0.12706977632576
  -0.12719100750423
  -0.15114027332097
  -0.23291706526638
   0.00000000100000
   0.00000000100000
   0.23587926810245
   0.15363947119415
   0.12639262670424
   0.11661309970530
   0.14139907218089
   0.23789407554133
   0.00000000100000
   0.00000000100000
  -0.23273501802037
  -0.15111622301240
  -0.12727399489860
  -0.12726334371288
  -0.15114012045975
  -0.23276890357996
   0.00000000100000
   0.00000000100000
   0.23604603332551
   0.15162384235245
   0.11841861304858
   0.11718481189346
   0.15435347930489
   0.23712058146037
   0.00000000100000
   0.00000000100000
  -0.23293449990422
  -0.15120313926280
  -0.12722764325400
  -0.12712618002848
  -0.15083500085124
  -0.23228158050522
   0.00000000100000
   0.00000000100000
   0.23492151700879
   0.14326615727729
   0.11561100283686
   0.12892527729314
   0.15467076851350
   0.23608823724862
   0.00000000100000
   0.00000000100000
  -0.23298052604402
  -0.15109589968225
  -0.12700163078953
  -0.12669029494894
  -0.15009606629435
  -0.23097890841668
   0.00000000100000
   0.00000000100000
   0.22653941541933
   0.13594880665050
   0.12662282000122
   0.12984823901967
   0.15390303794580
   0.23553579076185
   0.00000000100000
   0.00000000100000
  -0.23310880915601
  -0.15106502747005
  -0.12670536900393
  -0.12595323579162
  -0.14840188780773
  -0.22739456739450
   0.00000000100000
   0.00000000100000
   0.21163850114413
   0.14539444622367
   0.12757682239267
   0.12877148354954
   0.15301077487021
   0.23490396180032
   0.00000000100000
   0.00000000100000
  -0.23400873579439
  -0.15185275563310
  -0.12725361408128
  -0.12572632313612
  -0.14579245318018
  -0.21815338125883
   0.00000000100000
   0.00000000100000
   0.21670173482335
   0.14608447582442
   0.12559220482801
   0.12692102757211
   0.15147395350916
   0.23363689413228
   0.00000000100000
   0.00000000100000
  -0.23539121904772
  -0.15344711048266
  -0.12897721907411
  -0.12689147663587
  -0.14349066775763
  -0.20904223519446
   0.00000000100000
   0.00000000100000
   0.22553399430000
   0.14748468430198
   0.12526650199764
   0.12613381385115
   0.15054441659292
   0.23260930489424
   0.00000000100000
